isin,orderbook_no,group,price_type,currency,minimum_quantity,quantity_tick_table_id,price_tick_table_id,price_decimals,delisting_date,delisting_time,date,mean_quoted_spread_bps,median_quoted_spread_bps,mean_depth_at_best,time_weighted_quoted_spread_bps,time_weighted_average_depth,TSRV,RV_slow,noise_var_TSRV,signal_to_noise,mean_effective_spread,mean_relative_effective_spread_bps,mean_spread_leeway,mean_tick_size
CH0002497458,3000025,ACoK,U,CHF,1,25,89,4,9.99912e+07,0,2019-07-31,0.0477016,0.040347,75.1724,0.0476956,75.1474,0.458553,0.517878,0.000561278,0.572033,1.07635,0.0434715,0.0763494,1
CH0008742519,3000033,ACoK,U,CHF,1,25,89,4,9.99912e+07,0,2019-07-31,0.0298763,0.0207749,223.492,0.0298609,223.527,0.551797,0.473708,0.000276231,0.434365,0.12271,0.0254535,0.227098,0.1
CH0010645932,3000036,ACoK,U,CHF,1,25,89,4,9.99912e+07,0,2019-07-31,0.0401964,0.0377287,102.582,0.0402061,102.605,0.481905,0.585384,0.000457227,0.584391,1.03187,0.0389307,0.0318706,1
CH0011075394,3000040,ACoK,U,CHF,1,25,89,4,9.99912e+07,0,2019-07-31,0.0303007,0.0288309,1307.6,0.0302974,1307.75,0.386079,0.374956,0.00024732,0.523351,0.104237,0.0300265,0.0423749,0.1
CH0012005267,3000042,ACoK,U,CHF,1,25,106,4,9.99912e+07,0,2019-07-31,0.0202507,0.0220726,2360.78,0.0202402,2358.65,1.00403,1.06454,0.00013554,0.379263,0.0172012,0.0189885,0.720116,0.01
CH0012032048,3000044,ACoK,U,CHF,1,25,106,4,9.99912e+07,0,2019-07-31,0.0264401,0.0189268,1160.52,0.0264318,1160.76,1.19906,1.15561,0.000226952,0.431615,0.0625636,0.0235647,0.251273,0.05
CH0012138605,3000047,ACoK,U,CHF,1,25,89,4,9.99912e+07,0,2019-07-31,0.0398545,0.0365163,1967.23,0.0398259,1967.42,0.672283,0.764536,0.000589602,0.580833,0.021141,0.0386378,0.0570518,0.02
CH0012142631,3000048,ACoK,U,CHF,1,25,89,4,9.99912e+07,0,2019-07-31,0.065146,0.0547196,4755.98,0.065105,4756.75,1.52422,1.55046,0.00123425,0.538331,0.00874648,0.0477939,0.749296,0.005
CH0012221716,3000050,ACoK,U,CHF,1,25,89,4,9.99912e+07,0,2019-07-31,0.0303375,0.0265287,11301.2,0.0303507,11307,0.631878,0.685644,0.000263685,0.558388,0.00549739,0.0291735,0.0994781,0.005
CH0012255151,3000644,ACoK,U,CHF,1,25,89,4,9.99912e+07,0,2019-07-31,0.0505874,0.0344412,440.166,0.050562,440.063,1.03828,0.972545,0.000567928,0.457864,0.125034,0.0428847,0.250338,0.1
CH0012138530,3000647,ACoK,U,CHF,1,25,89,4,9.99912e+07,0,2019-07-31,0.059268,0.041365,18973.7,0.0592354,18971.6,3.89315,4.17385,0.00116447,0.509732,0.00683841,0.0559578,0.367683,0.005
CH0013841017,3000700,ACoK,U,CHF,1,25,89,4,9.99912e+07,0,2019-07-31,0.0384506,0.029347,469.02,0.0384344,468.827,0.947852,1.07443,0.000429638,0.517057,0.112183,0.0328801,0.121825,0.1
CH0014852781,3000755,ACoK,U,CHF,1,25,89,4,9.99912e+07,0,2019-07-31,0.0243235,0.0207061,376.301,0.0243169,376.101,0.502294,0.506816,0.000215416,0.438099,0.110304,0.0228199,0.103039,0.1
CH0012214059,3000772,ACoK,U,CHF,1,25,89,4,9.99912e+07,0,2019-07-31,0.0413362,0.0402091,2002.89,0.0413341,2002.79,1.57411,1.57756,0.000594883,0.511439,0.0187226,0.0377183,0.748585,0.0108705
CH0025238863,3000943,ACoK,U,CHF,1,25,89,4,9.99912e+07,0,2019-07-31,0.041187,0.0340657,969.916,0.0411581,970.002,0.515373,0.510619,0.000477812,0.494704,0.0551836,0.0375828,0.103673,0.05
CH0030170408,3000949,ACoK,U,CHF,1,25,89,4,9.99912e+07,0,2019-07-31,0.024891,0.021732,384.695,0.0248857,384.702,0.250408,0.23374,0.000234882,0.584221,0.105549,0.022934,0.0554878,0.1
CH0038863350,3000985,ACoK,U,CHF,1,25,106,4,9.99912e+07,0,2019-07-31,0.0219754,0.0190096,4307.35,0.0219706,4307.21,0.429588,0.446136,0.00012451,0.536523,0.0218143,0.020702,0.0907129,0.02
CH0012549785,3000997,ACoK,U,CHF,1,25,89,4,9.99912e+07,0,2019-07-31,0.0587187,0.0435825,643.845,0.0586829,643.706,1.0367,1.14357,0.00073643,0.476238,0.116904,0.0508967,0.169038,0.1
CH0102484968,3001015,ACoK,U,CHF,1,25,89,4,9.99912e+07,0,2019-07-31,0.0464959,0.0467508,1773.76,0.0464862,1773.2,1.90162,1.79124,0.000826406,0.479522,0.0154013,0.0360447,0.540127,0.01
CH0126881561,3001045,ACoK,U,CHF,1,25,89,4,9.99912e+07,0,2019-07-31,0.0322874,0.0411946,1465.84,0.0322795,1466.5,1.65742,1.70823,0.000362193,0.447339,0.0272326,0.0283124,0.36163,0.02
CH0024638196,3003125,ACoK,U,CHF,1,25,89,4,9.99912e+07,0,2019-07-31,0.0654001,0.0438693,672.528,0.0653118,672.058,0.686016,0.76493,0.000989751,0.605536,0.139663,0.0607717,0.396627,0.1
CH0210483332,3192372,ACoK,U,CHF,1,25,89,4,9.99912e+07,0,2019-07-31,0.0262673,0.0233454,2148.72,0.0262655,2147.46,0.726024,0.720136,0.000252386,0.499944,0.0212634,0.0248155,0.0631688,0.02
CH0244767585,3243110,ACoK,U,CHF,1,25,89,4,9.99912e+07,0,2019-07-31,0.0467028,0.044613,32557.6,0.0467074,32557.8,1.33532,1.29169,0.000579117,0.591011,0.0052664,0.0470226,0.0532808,0.005
CH0024608827,3341685,ACoK,U,CHF,1,25,89,4,9.99912e+07,0,2019-07-31,0.0434985,0.0503271,156.602,0.0433852,156.513,0.450626,0.450969,0.000354548,0.482705,0.275057,0.0346188,0.375287,0.2
CH0364749348,3344035,ACoK,U,CHF,1,25,89,4,9.99912e+07,0,2019-07-31,0.0629992,0.0675676,467.823,0.0629948,467.753,1.62595,1.52802,0.00105617,0.464619,0.084329,0.0570284,0.686581,0.05
CH0025751329,3356360,ACoK,U,CHF,1,25,89,4,9.99912e+07,0,2019-07-31,0.0493497,0.048391,1886.18,0.0493316,1885.91,1.29195,1.27469,0.000782369,0.486419,0.0162402,0.039299,0.62402,0.01
CH0418792922,3386670,ACoK,U,CHF,1,25,89,4,9.99912e+07,0,2019-07-31,0.0391381,0.0348736,1585.76,0.0391308,1585.38,0.551403,0.650365,0.000504702,0.621769,0.0515938,0.0359267,0.0318756,0.05
CH0012453913,3397037,ACoK,U,CHF,1,25,89,4,9.99912e+07,0,2019-07-31,0.0510787,0.0568666,582.701,0.0510494,582.596,1.09068,0.971576,0.00056958,0.452716,0.072248,0.0413919,0.44496,0.05
AT0000A18XM4,3397076,ACoK,U,CHF,1,25,89,4,9.99912e+07,0,2019-07-31,0.104178,0.105245,1363.53,0.104201,1363.22,18.5814,23.6946,0.00374909,0.442884,0.0527913,0.0947899,1.63957,0.02
CH0432492467,3422940,ACoK,U,CHF,1,25,106,4,9.99912e+07,0,2019-07-31,0.0364411,0.0344116,1603.02,0.0364548,1602.9,0.959903,0.867133,0.000221628,0.565021,0.0196936,0.0338798,0.969356,0.01
CH0002497458,3000025,ACoK,U,CHF,1,25,89,4,9.99912e+07,0,2019-09-05,0.0519429,0.0405762,84.7189,0.0519042,84.7057,0.389337,0.454501,0.000515962,0.604637,1.11589,0.0452165,0.115893,1
CH0008742519,3000033,ACoK,U,CHF,1,25,89,4,9.99912e+07,0,2019-09-05,0.0247452,0.0204019,323.828,0.0247427,323.815,0.310936,0.300831,0.00017068,0.558015,0.112353,0.0229129,0.123527,0.1
CH0010645932,3000036,ACoK,U,CHF,1,25,89,4,9.99912e+07,0,2019-09-05,0.0404242,0.0371816,112.148,0.0404191,112.174,0.359885,0.429912,0.000368132,0.64549,1.05803,0.0392743,0.0580253,1
CH0011075394,3000040,ACoK,U,CHF,1,25,89,4,9.99912e+07,0,2019-09-05,0.0288997,0.0275672,1528.03,0.0288996,1528.11,0.35782,0.35286,0.00019578,0.617617,0.105686,0.0291255,0.0568625,0.1
CH0012005267,3000042,ACoK,U,CHF,1,25,106,4,9.99912e+07,0,2019-09-05,0.0208167,0.0227273,2314.23,0.0208071,2313.32,0.799798,0.797975,0.000120355,0.437566,0.016037,0.0182374,0.6037,0.01
CH0012032048,3000044,ACoK,U,CHF,1,25,106,4,9.99912e+07,0,2019-09-05,0.0221983,0.0185099,1337.26,0.0221934,1337.31,0.532935,0.515299,0.000151763,0.580933,0.056165,0.0207631,0.1233,0.05
CH0012138605,3000047,ACoK,U,CHF,1,25,89,4,9.99912e+07,0,2019-09-05,0.0439583,0.0372787,3022.57,0.0438945,3023.79,0.540107,0.619417,0.000645064,0.675127,0.0223811,0.041612,0.119054,0.02
CH0012142631,3000048,ACoK,U,CHF,1,25,89,4,9.99912e+07,0,2019-09-05,0.0532976,0.0531632,4616.12,0.0532853,4615.67,0.83292,0.884429,0.000665461,0.546119,0.00828201,0.044008,0.656401,0.005
CH0012221716,3000050,ACoK,U,CHF,1,25,89,4,9.99912e+07,0,2019-09-05,0.0319273,0.0263331,11132,0.0319004,11130.2,0.594411,0.684383,0.000284526,0.612488,0.00570274,0.0299997,0.140549,0.005
CH0012255151,3000644,ACoK,U,CHF,1,25,89,4,9.99912e+07,0,2019-09-05,0.0475768,0.0369481,858.607,0.0475677,858.304,1.20508,1.33874,0.000525581,0.530235,0.119738,0.0438785,0.197382,0.1
CH0012138530,3000647,ACoK,U,CHF,1,25,89,4,9.99912e+07,0,2019-09-05,0.0467851,0.0421319,29014.1,0.0467937,29034,1.09724,1.12939,0.000522942,0.594643,0.00555176,0.0464337,0.110352,0.005
CH0013841017,3000700,ACoK,U,CHF,1,25,89,4,9.99912e+07,0,2019-09-05,0.0396913,0.0283648,535.099,0.0396994,535.369,1.10147,1.13839,0.000386814,0.459828,0.122678,0.0346992,0.226776,0.1
CH0014852781,3000755,ACoK,U,CHF,1,25,89,4,9.99912e+07,0,2019-09-05,0.0266359,0.020949,329.81,0.0266363,329.812,0.482836,0.408106,0.000195314,0.491766,0.119552,0.0250338,0.195517,0.1
CH0012214059,3000772,ACoK,U,CHF,1,25,89,4,9.99912e+07,0,2019-09-05,0.0344392,0.0424358,2834.43,0.0344247,2835.98,1.02208,1.07059,0.000295203,0.479065,0.0132076,0.0281029,0.320764,0.01
CH0025238863,3000943,ACoK,U,CHF,1,25,89,4,9.99912e+07,0,2019-09-05,0.0436631,0.0340541,1031.87,0.0436148,1031,0.67373,0.751654,0.000466493,0.49612,0.0566513,0.0385737,0.133026,0.05
CH0030170408,3000949,ACoK,U,CHF,1,25,89,4,9.99912e+07,0,2019-09-05,0.0276881,0.0219419,305.131,0.0276796,305.178,0.348634,0.377558,0.000189445,0.537649,0.112479,0.0246567,0.124788,0.1
CH0038863350,3000985,ACoK,U,CHF,1,25,106,4,9.99912e+07,0,2019-09-05,0.0204771,0.0178396,4496.7,0.020476,4500.5,0.267206,0.293286,9.64552e-05,0.639676,0.0221142,0.0197102,0.105709,0.02
CH0012549785,3000997,ACoK,U,CHF,1,25,89,4,9.99912e+07,0,2019-09-05,0.0561129,0.0442968,847.114,0.056065,846.749,1.34024,1.22055,0.000763409,0.479607,0.113032,0.0500055,0.13032,0.1
CH0102484968,3001015,ACoK,U,CHF,1,25,89,4,9.99912e+07,0,2019-09-05,0.0533567,0.0497141,1716.68,0.0533381,1713.34,1.18579,1.20698,0.00064542,0.465802,0.0166872,0.0412501,0.668724,0.01
CH0126881561,3001045,ACoK,U,CHF,1,25,89,4,9.99912e+07,0,2019-09-05,0.025745,0.0201796,2055.47,0.0257398,2055.9,0.451179,0.494725,0.00018029,0.539514,0.0226182,0.0228174,0.130909,0.02
CH0024638196,3003125,ACoK,U,CHF,1,25,89,4,9.99912e+07,0,2019-09-05,0.0709204,0.084246,745.834,0.0709133,745.269,10.858,10.2971,0.00288283,0.462125,0.173288,0.0745854,0.732885,0.1
CH0210483332,3192372,ACoK,U,CHF,1,25,89,4,9.99912e+07,0,2019-09-05,0.0387088,0.0262158,2082.58,0.0387263,2084.62,1.25452,1.40913,0.000397118,0.496088,0.0271582,0.035266,0.357912,0.02
CH0244767585,3243110,ACoK,U,CHF,1,25,89,4,9.99912e+07,0,2019-09-05,0.0492893,0.0474947,45389.1,0.0492903,45396,1.09075,1.22666,0.000579006,0.610925,0.00521096,0.0493942,0.0421928,0.005
CH0024608827,3341685,ACoK,U,CHF,1,25,89,4,9.99912e+07,0,2019-09-05,0.035358,0.0246457,181.228,0.0353609,181.131,0.389233,0.414721,0.000314157,0.529796,0.254863,0.0313187,0.274314,0.2
CH0364749348,3344035,ACoK,U,CHF,1,25,89,4,9.99912e+07,0,2019-09-05,0.0535839,0.0636335,537.504,0.0535708,537.309,1.17776,1.34123,0.000801253,0.507389,0.070877,0.0452305,0.417541,0.05
CH0025751329,3356360,ACoK,U,CHF,1,25,89,4,9.99912e+07,0,2019-09-05,0.0513766,0.0492005,2363.65,0.0513624,2361.61,0.975416,1.03642,0.00064638,0.516803,0.0167516,0.0411546,0.675161,0.01
CH0418792922,3386670,ACoK,U,CHF,1,25,89,4,9.99912e+07,0,2019-09-05,0.0410612,0.0349223,1322.46,0.0410412,1322.14,0.815105,0.777681,0.000497263,0.554955,0.0574255,0.0400278,0.148509,0.05
CH0012453913,3397037,ACoK,U,CHF,1,25,89,4,9.99912e+07,0,2019-09-05,0.0526267,0.057323,680.434,0.0526356,680.224,1.51507,1.37193,0.000603627,0.430069,0.0756781,0.0434581,0.513562,0.05
AT0000A18XM4,3397076,ACoK,U,CHF,1,25,89,4,9.99912e+07,0,2019-09-05,0.0914878,0.0735745,1182.44,0.0914292,1182,5.06524,4.63607,0.00255281,0.517956,0.032591,0.0785953,2.2591,0.01
CH0432492467,3422940,ACoK,U,CHF,1,25,106,4,9.99912e+07,0,2019-09-05,0.032026,0.0335796,1516.14,0.0320165,1516.49,0.532831,0.547205,0.000312745,0.585239,0.0176149,0.029595,0.761494,0.01
CH0002497458,3000025,ACoK,U,CHF,1,25,89,4,9.99912e+07,0,2019-04-12,0.0465132,0.0386026,75.2645,0.0465282,75.2717,0.300275,0.373777,0.000733094,0.672216,1.13887,0.0439424,0.138871,1
CH0008742519,3000033,ACoK,U,CHF,1,25,89,4,9.99912e+07,0,2019-04-12,0.0259215,0.0215448,261.789,0.0259427,261.954,0.272116,0.292064,0.000282479,0.614569,0.115196,0.0247785,0.151957,0.1
CH0010645932,3000036,ACoK,U,CHF,1,25,89,4,9.99912e+07,0,2019-04-12,0.0428103,0.0395804,89.7084,0.0428188,89.7043,0.33789,0.341682,0.000670938,0.650177,1.20703,0.047756,0.207034,1
CH0011075394,3000040,ACoK,U,CHF,1,25,89,4,9.99912e+07,0,2019-04-12,0.0326971,0.0316006,1700.77,0.0326937,1700.39,0.473235,0.522557,0.000323043,0.595427,0.104866,0.0331372,0.0486577,0.1
CH0012005267,3000042,ACoK,U,CHF,1,25,106,4,9.99912e+07,0,2019-04-12,0.0158693,0.0124293,3690.94,0.0158732,3685.99,1.05929,0.936128,0.000134045,0.429362,0.0124294,0.0153581,0.242943,0.01
CH0012032048,3000044,ACoK,U,CHF,1,25,106,4,9.99912e+07,0,2019-04-12,0.0226698,0.0188448,878.198,0.0226304,876.763,5.04455,5.16291,0.000719081,0.421147,0.0714043,0.0268089,0.428086,0.05
CH0012138605,3000047,ACoK,U,CHF,1,25,89,4,9.99912e+07,0,2019-04-12,0.0488555,0.0344056,3842.95,0.0487908,3839.69,1.56209,1.40071,0.000737404,0.507399,0.0252536,0.0434716,0.262679,0.02
CH0012142631,3000048,ACoK,U,CHF,1,25,89,4,9.99912e+07,0,2019-04-12,0.0686028,0.0461148,10796,0.068607,10790.7,1.101,1.12489,0.00105048,0.463093,0.0120473,0.0552749,0.204729,0.01
CH0012221716,3000050,ACoK,U,CHF,1,25,89,4,9.99912e+07,0,2019-04-12,0.0317462,0.0252876,11345,0.0317291,11335.9,0.884106,0.840179,0.000331177,0.495313,0.00585788,0.0295711,0.171576,0.005
CH0012255151,3000644,ACoK,U,CHF,1,25,89,4,9.99912e+07,0,2019-04-12,0.0451389,0.0335177,406.4,0.0451722,406.248,1.51241,1.44825,0.00060712,0.469875,0.115544,0.0386934,0.155444,0.1
CH0012138530,3000647,ACoK,U,CHF,1,25,89,4,9.99912e+07,0,2019-04-12,0.0445326,0.0390701,26904,0.0445367,26907.3,2.36783,2.55094,0.000653857,0.502382,0.00552838,0.0432281,0.105675,0.005
CH0013841017,3000700,ACoK,U,CHF,1,25,89,4,9.99912e+07,0,2019-04-12,0.0439091,0.0337211,535.676,0.043925,535.648,3.39434,3.00848,0.00103539,0.479989,0.135164,0.0454318,0.351639,0.1
CH0014852781,3000755,ACoK,U,CHF,1,25,89,4,9.99912e+07,0,2019-04-12,0.031781,0.0219563,416.439,0.0317812,416.389,0.268868,0.234859,0.000243469,0.580476,0.126264,0.0276947,0.262641,0.1
CH0012214059,3000772,ACoK,U,CHF,1,25,89,4,9.99912e+07,0,2019-04-12,0.0422179,0.0384986,3998.49,0.0422224,3996.95,0.959029,0.960883,0.000595846,0.576388,0.0217034,0.041781,0.0851691,0.02
CH0025238863,3000943,ACoK,U,CHF,1,25,89,4,9.99912e+07,0,2019-04-12,0.0542637,0.0696621,606.133,0.0537216,606.231,0.806187,0.901412,0.000913566,0.53809,0.0609212,0.0426524,0.218425,0.05
CH0030170408,3000949,ACoK,U,CHF,1,25,89,4,9.99912e+07,0,2019-04-12,0.034833,0.0243635,364.354,0.0348339,364.447,0.336739,0.362891,0.000297183,0.505434,0.119989,0.0291855,0.199894,0.1
CH0038863350,3000985,ACoK,U,CHF,1,25,106,4,9.99912e+07,0,2019-04-12,0.0149691,0.0104948,2735.37,0.0149784,2737.59,0.371994,0.356457,9.8651e-05,0.559011,0.0145197,0.0151696,0.451972,0.01
CH0012549785,3000997,ACoK,U,CHF,1,25,89,4,9.99912e+07,0,2019-04-12,0.0585973,0.0490316,572.536,0.0585858,572.508,1.93462,1.92051,0.0011336,0.474017,0.112453,0.0550839,0.124532,0.1
CH0102484968,3001015,ACoK,U,CHF,1,25,89,4,9.99912e+07,0,2019-04-12,0.0507429,0.0447828,1190.19,0.0507711,1190.87,4.82532,4.49307,0.000956493,0.361482,0.0173978,0.0388866,0.739776,0.01
CH0126881561,3001045,ACoK,U,CHF,1,25,89,4,9.99912e+07,0,2019-04-12,0.0239564,0.0201187,2136.37,0.0239629,2138.18,0.275259,0.28324,0.000172132,0.583251,0.0232132,0.0233485,0.16066,0.02
CH0024638196,3003125,ACoK,U,CHF,1,25,89,4,9.99912e+07,0,2019-04-12,0.0515869,0.0461787,528.561,0.0515452,528.565,0.3512,0.46468,0.000963491,0.703292,0.113151,0.0522285,0.131507,0.1
CH0210483332,3192372,ACoK,U,CHF,1,25,89,4,9.99912e+07,0,2019-04-12,0.0326763,0.0274537,2486.07,0.0326589,2484.85,0.962762,0.941703,0.000388037,0.493973,0.0219451,0.0301235,0.0972538,0.02
CH0244767585,3243110,ACoK,U,CHF,1,25,89,4,9.99912e+07,0,2019-04-12,0.0477127,0.0389636,29685.6,0.0477089,29665.7,1.61541,1.6711,0.000605514,0.527468,0.00600936,0.0467403,0.201872,0.005
CH0024608827,3341685,ACoK,U,CHF,1,25,89,4,9.99912e+07,0,2019-04-12,0.0402354,0.0269143,239.914,0.0402248,239.858,0.404674,0.388395,0.000316881,0.449795,0.233405,0.0313007,0.167027,0.2
CH0364749348,3344035,ACoK,U,CHF,1,25,89,4,9.99912e+07,0,2019-04-12,0.0684071,0.0746269,390.089,0.0683918,389.493,0.996746,1.13563,0.00130297,0.581287,0.0695288,0.0519542,0.390577,0.05
CH0025751329,3356360,ACoK,U,CHF,1,25,89,4,9.99912e+07,0,2019-04-12,0.0416765,0.0487092,2564.49,0.0416734,2565.71,0.469681,0.520036,0.000455676,0.562271,0.0134686,0.0328323,0.346859,0.01
CH0418792922,3386670,ACoK,U,CHF,1,25,89,4,9.99912e+07,0,2019-04-12,0.0426218,0.034229,1248.13,0.0426038,1248.19,0.567374,0.596909,0.00055586,0.606921,0.0542402,0.0371306,0.0848044,0.05
CH0012453913,3397037,ACoK,U,CHF,1,25,89,4,9.99912e+07,0,2019-04-12,0.0633723,0.0635526,393.693,0.0633643,394.061,1.01875,1.0507,0.000856602,0.473134,0.0750288,0.047682,0.500577,0.05
AT0000A18XM4,3397076,ACoK,U,CHF,1,25,89,4,9.99912e+07,0,2019-04-12,0.123503,0.12285,1862.17,0.123475,1861.77,6.23658,6.05038,0.00389601,0.393826,0.0302103,0.0934372,2.02103,0.01
CH0432492467,3422940,ACoK,U,CHF,1,25,106,4,9.99912e+07,0,2019-04-12,0.0413981,0.0368121,5551.92,0.0413237,5553.04,1.96747,1.97309,0.000119052,0.284091,0.0215762,0.0395984,1.15762,0.01
